% A=[0,0.05,0,1; 0,0.1,0,1; 0,0.15,0,1; 0.05,0,0,1; 0.1,0,0,1; 0.15,0,0,1];
% A=transpose(A);
% B=[-0.5369, 0.255172, 1.673,1; -0.538184, 0.207214, 1.677,1; -0.531333, 0.165447, 1.664,1;-0.58415, 0.29767, 1.685,1; -0.637196, 0.301094, 1.689,1; -0.669011, 0.298595, 1.66,1];
% B=transpose(B);
% C=B/A;
tf_cam_to_ref =[-1.0856584, 0.14452919, -0.051183946, 0.2010337;
 -0.063775323, -1.0713253, -0.054277707, 0.41694304;
 -0.059634898, -0.11608469, 1.1726533, -1.3114216;
 2.2351742e-07, -2.7194619e-07, -2.0954758e-07, 1.0000002];

tf_ref_to_base = [-0.96500534, 0.93475747, -0.15139979, 0.25884804;
 -0.17572078, -0.083727889, -0.06276571, -0.30392185;
 -0.09807653, -0.082251199, -0.048183698, 0.68036294;
 -1.5646219e-07, 1.1920929e-07, -4.2957254e-08, 1];

point_from_ref = tf_cam_to_ref * [0;0;0;1];
point_from_base = tf_ref_to_base * [-0.449284; 0.0180102; 1.436;1];